 [342 0.003481375105840004]
 [358 0.0074413219917280945]
 [355 0.004463590071028493]
 [374 0.003198992420545913]
 [434 0.0005569357391428532]
 [438 0.0007523451311980169]
 [434 0.00046451182025298486]
 [435 0.0004652156971399224]
 [436 0.0004853678526547314]
 [437 0.0006400514504500475]
 [438 0.000627492871779274]
 [365 0.0018961060844307166]
 [378 0.002398549486473608]
 [20 0.003476059039730256]
 [79 0.025964032827372932]
 [122 0.0795148505338296]
 [194 0.0397574252669148]
 [244 0.003330464943825324]
 [247 0.017038896542963488]
 [248 0.004825174242255147]
 [275 0.009517987096318755]
 [299 0.002587601915677167]
 [308 0.006690118888034744]
 [310 0.0032154278227664876]
 [44 0.0020525877018075264]
 [175 0.028908172344828516]
 [219 0.061349565754024955]
 [324 0.0072842492320082395]
 [445 2.2736371091788503]
 [77 0.01933004074159313]
 [399 0.009857410038061816]
 [430 0.00976335078197344]
 [432 0.00916845127196072]
 [341 0.0023597766650157205]
 [349 0.00229211281799018]
 [358 0.006894873058967767]
 [355 0.004463590071028493]
 [374 0.02239294694382139]
 [372 0.005056282891815244]
 [374 0.003198992420545913]
 [370 0.005373634326348631]
 [434 0.00048701974352454125]
 [435 0.0004877577267706134]
 [436 0.0005088863551119626]
 [437 0.0006710651476445173]
 [455 0.01962729161505001]
 [463 0.005727537054925625]
 [493 0.014477702360726541]
 [499 0.01192176231432667]
 [308 0.012694952858814114]
 [319 0.01192176231432667]
 [321 0.017621582982855113]
 [322 0.015778803063079418]
 [372 0.005056282891815244]
 [374 0.009596977261637739]
 [365 0.004268274792872385]
 [284 0.007981272714124934]
 [310 0.012930065231054968]
 [311 0.0078106806255787515]
 [434 0.00046451182025298486]
 [435 0.0004652156971399224]
 [436 0.0004853678526547314]
 [437 0.0006400514504500475]
 [438 0.000627492871779274]
 [234 0.0035193754550175227]
 [235 0.0023043529764995682]
 [236 0.010542153405347495]
 [239 0.0070174858015455135]
 [241 0.0022142877028708914]
 [242 0.012488106453287984]
 [243 0.008065235417748489]
 [244 0.018241789007682446]
 [245 0.0033041078240562804]
 [246 0.006398864463668223]
 [247 0.010369588394248057]
 [250 0.011556158210505298]
 [253 0.009315993851516973]
 [258 0.008539661030557224]
 [260 0.005530447143598964]
 [261 0.013318737387107598]
 [265 0.005910401527510344]
 [267 0.0035625579759379833]
 [268 0.007213626709042127]
 [269 0.009842321187760869]
 [273 0.006355096580879795]
 [274 0.006048926563311367]
 [275 0.005792488280078716]
 [277 0.003864871547939376]
 [279 0.005597079036895338]
 [280 0.0019437554814322718]
 [283 0.0016438696392863164]
 [285 0.0154852520020771]
 [287 0.0034720295968782735]
 [288 0.006244053226643992]
 [290 0.0015779808426029654]
 [291 0.0122682454241808]
 [293 0.0025192926250667733]
 [305 0.015058591898292154]
 [309 0.013349355174204396]
 [312 0.006851881416848274]
 [316 0.003681121712062702]
 [317 0.01420665321291477]
 [319 0.005735278519287815]
 [322 0.007590809804939755]
 [324 0.009193091557961339]
 [326 0.003134666397181599]
 [327 0.003371244993195305]
 [329 0.016905296945499016]
 [331 0.012868630472640249]
 [332 0.024195706253245467]
 [334 0.008910950640581452]
 [335 0.00374039903431814]
 [336 0.004133074377778585]
 [434 0.00046451182025298486]
 [435 0.0004652156971399224]
 [436 0.0004853678526547314]
 [437 0.0006400514504500475]
 [438 0.000627492871779274]
 [434 0.00046451182025298486]
 [435 0.0004652156971399224]
 [436 0.0004853678526547314]
 [437 0.0006400514504500475]
 [438 0.000627492871779274]
 [340 0.004033605680979605]
 [341 0.004080118661618207]
 [350 0.0028045964674661616]
 [363 0.002629517615454302]
 [370 0.0038243394977900014]
 [376 0.002038179091794533]
 [153 0.013688564093440951]
 [352 0.0019768925592059602]
 [369 0.0029542327008358726]
 [20 0.006159188987916167]
 [28 0.002637593412141947]
 [119 0.004632047608720514]
 [157 0.004893480107620804]
 [161 0.01363465626760474]
 [243 0.005870477004107596]
 [251 0.0061930306856519705]
 [282 0.0038294391329173]
 [305 0.0027401902385461715]
 [324 0.0044609429477123685]
 [332 0.003202078365876871]
 [340 0.0015419036727615028]
 [346 0.0017120986098055574]
 [362 0.0018837853784768668]
 [384 0.002976579889406669]
 [391 0.003842494039052245]
 [447 0.00952505564610134]
 [437 0.0007674024903213684]
 [438 0.0007523451311980169]
 [435 0.0005168194574961191]
 [437 0.0007110487574362866]
 [438 0.0006970971262779782]
 [339 0.0016009162047008734]
 [341 0.0019073646479438912]
 [345 0.004090174635749116]
 [347 0.001835404596867446]
 [349 0.0018526731885046398]
 [354 0.0075276090231960364]
 [365 0.0028400869208395304]
 [375 0.0023548784491699065]
 [434 0.00046451182025298486]
 [435 0.0004652156971399224]
 [436 0.0004853678526547314]
 [437 0.0006400514504500475]
 [438 0.000627492871779274]
 [44 0.0019018571783472424]
 [71 0.06355274297831158]
 [305 0.00414586370320428]
 [15 0.2002247906951344]
 [24 0.2192938183803853]
 [65 0.016993247918775246]
 [340 0.006299822415852383]
 [366 0.0019866998213926195]
 [477 0.02521215030987327]
 [480 0.032289245133697346]
 [435 0.0005577796664170367]
 [436 0.0005819414964020074]
 [434 0.0005569357391428532]
 [435 0.0005577796664170367]
 [340 0.0025177660364168928]
 [352 0.0019768925592059602]
 [375 0.010617212013249758]
 [350 0.003940778756133286]
 [350 0.0035012434482322424]
 [359 0.00253045871579388]
 [45 0.016993247918775246]
 [277 0.030650051154662843]
 [283 0.0032591437975853445]
 [287 0.00688366246037084]
 [308 0.008072165093756516]
 [370 0.0023871426363433835]
 [375 0.00314433993044547]
 [434 0.0005569357391428532]
 [435 0.0005577796664170367]
 [28 0.002977155090190188]
 [44 0.002837704703066038]
 [56 0.12938009578385834]
 [240 0.009263866081611215]
 [287 0.01194445000749615]
 [288 0.005370186192886374]
 [289 0.006165769332573244]
 [290 0.006333317412262735]
 [291 0.002344729182809544]
 [292 0.0038941701047831016]
 [293 0.0043334257348237116]
 [294 0.008878707838905472]
 [295 0.005595824268217735]
 [296 0.002717971787420043]
 [297 0.005526166704712949]
 [298 0.006137355649012999]
 [299 0.011737952736180116]
 [300 0.006891623160858064]
 [301 0.008145603521931626]
 [302 0.006603997566128038]
 [303 0.009938852058476274]
 [304 0.006681301885463984]
 [305 0.0010792594617794334]
 [306 0.007974887280454018]
 [307 0.023202198185293045]
 [308 0.010505044331746176]
 [309 0.0015308116963630124]
 [310 0.007853953859183442]
 [311 0.00813316748602028]
 [312 0.0019643158935631574]
 [313 0.006972807203328905]
 [314 0.0030199686526889364]
 [315 0.005945563284981342]
 [316 0.004221255707878988]
 [317 0.004072801760965813]
 [318 0.007160248257181833]
 [319 0.0032884103107057305]
 [320 0.006794929468550106]
 [321 0.009721212962305261]
 [322 0.004352307764169349]
 [323 0.0038491507972133548]
 [324 0.012299001623813649]
 [325 0.006282104602999154]
 [326 0.012581164953914637]
 [327 0.0019329552624612785]
 [328 0.010324078882448223]
 [329 0.007754329990310457]
 [330 0.011971291468187154]
 [331 0.011067641350436185]
 [332 0.017656521270550656]
 [333 0.0035705259405786082]
 [334 0.000851538475598351]
 [335 0.006433846260076429]
 [336 0.007109285636134275]
 [341 0.0024572069664867543]
 [366 0.0005745496875909495]
 [380 0.0024847130146190685]
 [382 0.0012528750478229735]
 [389 0.00203329187150507]
 [392 0.0026011839371793376]
 [446 0.007198952301815248]
 [362 0.013848708854422711]
 [100 0.17350349189128766]
 [119 0.005664611721564871]
 [231 0.020370278604642147]
 [261 0.0047421634825027025]
 [268 0.006421066081898068]
 [308 0.0036241599971449222]
 [383 0.004325488030065226]
 [384 0.00364011140558306]
 [434 0.0005569357391428532]
 [437 0.0007674024903213684]
 [339 0.001652612446522214]
 [343 0.004234819394213173]
 [350 0.0027068471460791874]
 [358 0.005752962195912236]
 [361 0.0037362782926624763]
 [363 0.005075740724574172]
 [365 0.0014658990210737908]
 [153 0.013688564093440951]
 [434 0.0005569357391428532]
 [438 0.0007523451311980169]
 [216 0.024983986053675324]
 [239 0.016681150809251498]
 [358 0.006894873058967767]
 [371 0.002464352509515454]
 [377 0.0024041333692453393]
 [434 0.00048701974352454125]
 [436 0.0005088863551119626]
 [437 0.0006710651476445173]
 [438 0.00065789804296257]
 [2 0.005679187775822897]
 [3 0.005327494954843039]
 [20 0.014808301094882473]
 [27 0.014250231903751933]
 [28 0.0018118469581213455]
 [29 0.01985288718215013]
 [35 0.007213626709042127]
 [37 0.0464557560062313]
 [44 0.0034539595543666393]
 [45 0.008571172694876623]
 [56 0.019684642375521737]
 [64 0.03181901096317212]
 [72 0.049421017027905634]
 [77 0.0036124227065498678]
 [78 0.05530447143598964]
 [85 0.04004806552261319]
 [107 0.034158644122228896]
 [126 0.016591341430796894]
 [144 0.02191309245576948]
 [147 0.014842094570680926]
 [151 0.06293267439267787]
 [152 0.21116252730105137]
 [155 0.006161240849632798]
 [162 0.007820834344483383]
 [182 0.0017690691548450609]
 [185 0.014517423751947282]
 [203 0.029779330773225192]
 [223 0.004581435503573107]
 [332 0.0021996096593859516]
 [339 0.021582232755508152]
 [341 0.001071396586859578]
 [345 0.0022975151338393324]
 [346 0.002352190177530699]
 [349 0.040586345973185944]
 [350 0.004418746608075267]
 [354 0.0014094586166939107]
 [356 0.002266134439328356]
 [359 0.004258089459782888]
 [362 0.002588064401461354]
 [363 0.001380967776641834]
 [364 0.027624830132545866]
 [365 0.0007976606457113891]
 [366 0.014028916826730763]
 [371 0.0011188765897454551]
 [377 0.031654532992967756]
 [378 0.0010090303215949457]
 [383 0.0024296943517903395]
 [427 0.011701701764793777]
 [428 0.011527482879958138]
 [37 0.036809739452414975]
 [53 0.02453982630160998]
 [250 0.003924279259319294]
 [251 0.010112565783630487]
 [434 0.00046451182025298486]
 [435 0.0004652156971399224]
 [436 0.0004853678526547314]
 [437 0.0006400514504500475]
 [438 0.000627492871779274]
 [466 0.024983986053675324]
 [498 0.10826393956592639]
 [342 0.003481375105840004]
 [343 0.0027388198997332566]
 [434 0.000516037503505556]
 [435 0.0005168194574961191]
 [436 0.0005392069782624454]
 [339 0.0018692658681000007]
 [359 0.0022127927302027046]
 [363 0.002870578916350952]
 [374 0.0027974007747985524]
 [20 0.016979803547601615]
 [347 0.004541496502222887]
 [365 0.0017568666929100559]
 [373 0.0025478066781643837]
 [438 0.0025403766583003916]
 [434 0.001548112510516668]
 [435 0.0005168194574961191]
 [436 0.0005392069782624454]
 [350 0.0035012434482322424]
 [366 0.0023819934934694764]
 [434 0.0005569357391428532]
 [438 0.0007523451311980169]
 [96 0.037764078143765804]
 [402 0.007643561103035778]
 [404 0.007518484648622465]
 [406 0.007657715845819178]
 [408 0.007545924373617438]
 [411 0.007831754842315068]
 [413 0.008337029348270878]
 [415 0.007657715845819178]
 [434 0.00046451182025298486]
 [435 0.0004652156971399224]
 [436 0.0004853678526547314]
 [437 0.0006400514504500475]
 [438 0.000627492871779274]
 [434 0.0005569357391428532]
 [435 0.0005577796664170367]
 [138 0.022152300573168488]
 [140 0.03119469445119913]
 [420 0.01568596851665411]
 [427 0.013907962009728578]
 [437 0.0007110487574362866]
 [447 0.014411255802124176]
 [448 0.05501070763176433]
 [434 0.00046451182025298486]
 [435 0.0004652156971399224]
 [436 0.0004853678526547314]
 [437 0.0006400514504500475]
 [438 0.000627492871779274]
 [67 0.011634490933258558]
 [256 0.02774892952472587]
 [339 0.0018692658681000007]
 [383 0.0050505373821153774]
 [376 0.0025444520358812194]
 [377 0.0025946714839578224]]
